1. а) 2 на 4, -1, 0, 1.
   б) 3 на 5, 0, 0, 1.
   в) 4 на 3, 1, 2, 1.

2. а) нет
   б) нет 
   в)  3  2
       4  -1
   г) 3  7 -1  4
      2  3 -4  8

3. а) нет
   б) нет
   в) нет

4. а) 2 -4 
      2  1
   б) -1 7 2
      -3 3 0
      -1 1 2
   в) 1 -4 16
      0 -9 40
      0 -4 17
   г) 4 0
      4 -2

5. а)2 на 5, 2, 6, 7.
   б)3 на 3, 0, 2, 0.
   в)4 на 4, 0, 0, 1.

6. а) нет
   б) 1 1 1 1
      1 1 1 1
      1 1 1 1 

7. а) -1
   б) 1

8. а) 1 6 -2 5
   б) -2 3 2
      1 3 4
      6 4 0
   в) 1 -2 9
      3 5 9 
      4 5 5 
